Training took: 13154.656373 seconds

Training loss:
[ 2.45878144  1.96350245  1.83369006  1.74781363  1.65443556  1.59372677
  1.54628338  1.70499085  1.68053241  1.55187303  1.54002576  1.43679037
  1.48002852  1.43993028  1.46698193  1.42702549  1.41849488  1.38265663
  1.45197105  1.39912868  1.36578598  1.37639477  1.33337244  1.28182378
  1.5649945   1.46590227  1.3825613   1.34586667  1.36514148  1.32758358
  1.27501232  1.30408294  1.29521366  1.24920994  1.18369959  1.23684464
  1.26579411  1.17030657  1.18285299  1.12811374  1.24014988  1.6709458
  1.55177237  1.49503346  1.4826936   1.50548092  1.48873698  1.38840104
  1.40414137  1.4529293   1.50471959  1.40193444  1.43966074  1.42020375
  1.37613368  1.37174232  1.34764905  1.626697    1.5128675   1.40299721
  1.41762891  1.32476273  1.38655162  1.35802981  1.40853733  1.35189821
  1.35243704  1.3323656   1.40057327  1.34639668  1.31282338  1.32841985
  1.28540003  1.273609    1.59613286  1.41010287  1.32775868  1.29240824
  1.31613164  1.29462866  1.23739985  1.27237994  1.27402938  1.2187258
  1.16154635  1.22238596  1.23071439  1.16034167  1.15741254  1.10556432
  1.23389609  1.74431252  1.56443007  1.50399997  1.4933656   1.52344559
  1.50095852  1.40388649  1.42425542  1.47508827]
Validation loss:
[ 2.3894701   2.30849457  2.19209146  2.16918635  2.12797332  2.08992934
  2.08849978  2.02766848  1.99136615  1.94747365  1.91354656  2.00026131
  1.91721809  1.92815554  1.89580274  1.90826893  1.87759292  1.92598689
  1.88048124  1.86383104  1.86953056  1.87629652  1.86009133  2.23634505
  2.06957817  2.06086946  2.08789825  2.10413551  2.09344006  2.11298919
  2.13925242  2.14894223  2.16223288  2.18390083  2.23004365  2.15461612
  2.20013094  2.22234654  2.21876407  2.23987031  2.57820606  1.77141237
  1.73516023  1.73226023  1.65471983  1.61272383  1.53609991  1.54229212
  1.57984328  1.47398186  1.55985832  1.63397789  1.6603179   1.6942662
  1.7145201   1.73038924  1.77127814  1.71926332  1.73235607  1.70781088
  1.69636035  1.79558063  1.75566053  1.75038564  1.72734261  1.76757252
  1.77699971  1.78805757  1.811903    1.77367425  1.75963819  1.8120389
  1.7953912   2.02633119  2.00562167  1.99739778  2.06074858  2.07261229
  2.05712509  2.07548332  2.12448597  2.16843295  2.10222387  2.138942
  2.15909791  2.15405345  2.16084123  2.22464371  2.20111179  2.16007996
  2.59912872  1.77099907  1.72934234  1.72801673  1.65015543  1.61584461
  1.54878902  1.56310856  1.59609425  1.47538567]
Test Loss: (0.55000000000000004, 0.83999999999999997)