Training took: 27638.4731278 seconds

Training loss:
[ 2.42277817  1.8362113   1.69577168  1.60510079  1.52059511  1.47581234
  1.43814113  1.58831004  1.58032612  1.47279133  1.47251776  1.38174825
  1.43178565  1.40040167  1.42992725  1.40042712  1.39831051  1.36078458
  1.43184563  1.38681514  1.34468608  1.36073928  1.31888948  1.2988131
  1.52392416  1.4532147   1.37775169  1.34371733  1.36916119  1.34104086
  1.28170887  1.31495614  1.30970654  1.26298897  1.19714708  1.2514987
  1.28497867  1.19774669  1.2008079   1.15037744  1.22192999  1.69709184
  1.58023938  1.53246227  1.51698822  1.53813762  1.52745908  1.42673568
  1.44138581  1.47920609  1.53701523  1.44690976  1.48952778  1.46811617
  1.44150321  1.42076825  1.40245912  1.78421366  1.59109277  1.48711795
  1.49233705  1.39578398  1.45402411  1.43340078  1.4750072   1.43730829
  1.43197949  1.40907654  1.47881831  1.43088457  1.40192198  1.40386036
  1.37613803  1.41977784  1.75452465  1.50974337  1.43038635  1.39706443
  1.42883013  1.41179711  1.3476915   1.37624484  1.37743625  1.32394856
  1.27552288  1.34082032  1.35747294  1.28204666  1.27765947  1.21500653
  1.32063752  1.81009798  1.65790544  1.63819992  1.59324533  1.62366099
  1.60383164  1.49761504  1.51059853  1.55891754]
Validation loss:
[ 2.36777759  2.30087328  2.13266993  2.12297678  2.09053826  2.11039615
  2.07116508  1.98692763  1.99744308  1.93237829  1.89214587  1.98055303
  1.88788927  1.92268384  1.87234509  1.88808715  1.8924253   1.94811094
  1.90129852  1.86822426  1.90549588  1.8968277   1.88129413  2.19358492
  2.1158762   2.13593864  2.17043304  2.17729998  2.14729333  2.1841681
  2.27281475  2.26021385  2.23943377  2.31158137  2.28530502  2.22278571
  2.2767477   2.29965401  2.33532095  2.31813765  2.60424948  1.7838037
  1.76475656  1.76832342  1.65968859  1.63585234  1.56772172  1.55877185
  1.60824025  1.57239366  1.59172487  1.66984355  1.70501971  1.74184954
  1.77934325  1.76115608  1.8194716   1.79519331  1.75555813  1.76604354
  1.75737011  1.83661807  1.80076659  1.80542982  1.76316142  1.79307199
  1.83538616  1.87640786  1.82958364  1.83372986  1.81728315  1.83210135
  1.82313859  2.06056714  2.19457889  2.08631015  2.10255051  2.1156199
  2.10487223  2.13639212  2.19089127  2.23223352  2.19048214  2.24051285
  2.26448417  2.26932025  2.25927353  2.23821878  2.24471211  2.26854634
  2.82217836  1.8229115   1.76063979  1.75805831  1.72108364  1.6533668
  1.58906651  1.61054754  1.67353463  1.55599523]
Test Loss: (0.55000000000000004, 0.84999999999999998)