Training took: 41751.508065 seconds

Training loss:
[ 2.57522503  1.99644269  1.87074776  1.80949413  1.73439319  1.69627219
  1.65173858  1.81866181  1.85206827  1.72918712  1.71156861  1.61903023
  1.67371552  1.630337    1.65100954  1.63170085  1.63539035  1.59606152
  1.65291556  1.61923535  1.58340069  1.57903894  1.54303766  1.48450047
  1.75564567  1.72005053  1.63943969  1.59292513  1.62376612  1.57112421
  1.52512779  1.54163275  1.54223838  1.48644642  1.42617216  1.48068659
  1.49494588  1.43370896  1.43323889  1.36510556  1.45100344  1.97559434
  1.848203    1.78017411  1.7531724   1.80499977  1.77996431  1.64885135
  1.67761972  1.71725029  1.77840274  1.67482176  1.80283209  2.01977115
  1.94292553  1.65444087  1.62215009  1.90412529  1.87227406  1.72995911
  1.72687975  1.64878206  1.70828181  1.68567597  1.70293863  1.67199861
  1.67416538  1.65107959  1.71811098  1.67957148  1.64658742  1.63810497
  1.60788123  1.65718044  1.98745457  1.75839938  1.68715978  1.64358648
  1.68925404  1.65032621  1.60431074  1.63077723  1.62860286  1.57217419
  1.52692345  1.59552998  1.60022311  1.54966806  1.55089289  1.47450195
  1.62511533  2.1759395   2.02036367  1.91404292  1.87614815  1.95111596
  1.92672191  1.77598432  1.79906156  1.87421221]
Validation loss:
[ 2.52493238  2.39989948  2.33763957  2.34916639  2.22700286  2.3437624
  2.26362443  2.11721539  2.09368634  2.04923058  1.99587595  2.09831929
  1.99664259  2.07579422  2.0350337   2.01155186  2.0453341   2.05302143
  2.05675554  2.05600929  2.09426379  2.03204226  2.0331192   2.6069715
  2.4110105   2.21361303  2.27632189  2.2837162   2.2320497   2.33568835
  2.32883573  2.37742519  2.28521562  2.3236444   2.35691333  2.3172133
  2.37621212  2.33763361  2.37583137  2.33903837  2.7642858   1.95403552
  1.9197644   1.91380835  1.86088324  1.82122707  1.75112998  1.76352882
  1.78165519  1.84670413  1.7710737   1.84007049  1.92269123  1.92847908
  2.26016212  1.93414867  1.99373794  1.91439092  1.88543761  1.91462553
  1.86153984  1.95125079  1.96013355  1.89603782  1.90550661  1.93236172
  1.95295811  1.98799503  1.96893191  1.95718932  1.94321394  1.98364794
  1.97283185  2.30372167  2.35526776  2.13809872  2.19858122  2.18617535
  2.23826957  2.23477364  2.31328654  2.28380489  2.32720256  2.38765073
  2.41100001  2.31536579  2.34798241  2.37780786  2.3670578   2.37158489
  2.86090231  2.07057762  2.01062226  1.98121798  1.90103412  1.91688251
  1.8384068   1.84510171  1.88824558  1.81211889]
Test Loss: (0.5, 0.81999999999999995)