Training took: 22847.915863 seconds

Training loss:
[ 2.15296771  1.7337789   1.64862614  1.57932078  1.51358917  1.47384775
  1.44839063  1.56237936  1.58038055  1.49419248  1.50810173  1.41564647
  1.48130821  1.45783336  1.49439067  1.46787862  1.47200889  1.44166074
  1.50917769  1.46946623  1.4387649   1.45777798  1.41115579  1.36585117
  1.63852255  1.53644324  1.46127001  1.44076605  1.47567515  1.43778014
  1.40509305  1.44453216  1.43097817  1.38742783  1.33553728  1.39142711
  1.43664408  1.34077724  1.36933715  1.3061941   1.3711906   1.82583569
  1.69255386  1.65908181  1.64812729  1.66617667  1.65572755  1.55147795
  1.59479192  1.63076817  1.67235929  1.58009751  1.62219905  1.60976339
  1.57588964  1.57470018  1.55906906  1.84860788  1.78960718  1.70449236
  1.72306775  1.64682453  1.7025469   1.6737116   1.704824    1.68881727
  1.6835702   1.67424051  1.7350433   1.70485314  1.69470964  1.69548865
  1.64123791  1.63785518  1.9854243   1.72873806  1.67769219  1.64841008
  1.71044117  1.65999184  1.63256137  1.6576653   1.64267467  1.58514066
  1.55594859  1.60436536  1.66242942  1.578693    1.62382249  1.54263297
  2.39386583  2.25986369  1.93345791  1.86643545  1.88000688  1.92092523
  1.93916007  1.79476165  1.84547734  1.92291758]
Validation loss:
[ 2.24811292  2.21944404  2.08594918  2.07766438  2.03290653  2.05582547
  2.02008104  2.00632191  1.99322724  1.95259869  1.93425381  1.995134
  1.89983451  1.94252372  1.90167165  1.95712757  1.95580935  1.9862591
  1.96662831  1.94893134  1.93215811  1.97165346  1.9631536   2.26471424
  2.27809     2.19785619  2.19866395  2.22415686  2.19738507  2.21135974
  2.30922723  2.27996254  2.30650091  2.30627871  2.36419582  2.36442828
  2.34729409  2.38110971  2.40916038  2.40725827  2.80235481  1.9311415
  1.9232924   1.9231286   1.84206986  1.82440901  1.72434282  1.74692643
  1.80339181  1.69873512  1.81005502  1.90547442  1.94293201  1.95118916
  1.9766885   1.98791707  2.00988913  2.00363207  2.01910424  1.9942944
  1.94593     2.05417633  1.97960699  2.02187824  1.97661519  2.03685546
  2.01791453  2.06285095  2.02753067  2.02120686  2.03173852  2.09418893
  2.05334592  2.37076235  2.48433781  2.30925703  2.30700898  2.35084319
  2.31940413  2.37323499  2.41160274  2.38430858  2.37361312  2.41847396
  2.4392004   2.42786455  2.41446137  2.47747898  2.46627355  2.47605944
  2.91311455  2.13097358  2.09754467  2.09083557  2.0311687   2.03055525
  1.95207644  1.98052013  2.05458736  1.95859158]
Test Loss: (0.5, 0.81000000000000005)