Training took: 17025.455698 seconds

Training loss:
[ 2.18194808  1.7409378   1.67357095  1.61821324  1.56098086  1.53339125
  1.52280718  1.62928149  1.67439547  1.59262884  1.61221022  1.52797648
  1.59965289  1.58702715  1.62529803  1.61435598  1.6217245   1.60311662
  1.67436676  1.63773778  1.61233716  1.63257752  1.59775083  1.53650418
  1.81569547  1.71454515  1.66404331  1.63934978  1.69472012  1.65621132
  1.62501674  1.66834117  1.6644246   1.62762249  1.58491261  1.64606878
  1.70781457  1.61143911  1.63821959  1.57615938  1.63415755  2.06659361
  1.9168415   1.89546376  1.88643651  1.91077045  1.93042663  1.80235794
  1.86046626  1.92402746]
Validation loss:
[ 2.28994131  2.23019838  2.13573885  2.15810156  2.13232732  2.12352347
  2.07191873  2.07543349  2.0568974   2.02424717  2.00605965  2.08398581
  1.99770427  2.0485208   2.00608635  2.04818869  2.06077552  2.11111689
  2.07828927  2.05073094  2.0593226   2.12617874  2.10254002  2.46556616
  2.4422009   2.3517828   2.32561684  2.34139299  2.33238935  2.36867881
  2.44948554  2.41401863  2.41417122  2.44649076  2.50452709  2.48838615
  2.47111487  2.51877952  2.52399516  2.53560233  2.93447232  2.1121726
  2.09784603  2.12582302  2.03973961  2.02598166  1.95857882  1.9928596
  2.0695591   1.98454189]
Test Loss: (0.44, 0.78000000000000003)