Training took: 1452.91844487 seconds

Training loss:
[ 3.02232734  2.54844428  2.3899423   2.35302906  2.29907566  2.26401
  2.23164517  2.34207791  2.41586264  2.32798533  2.31573294  2.25263547
  2.2862676   2.29275284  2.2902689   2.26019444  2.27218168  2.26281084
  2.31379588  2.29863293  2.29287579  2.31317991  2.31095777  2.23204112
  2.65064673  2.44622857  2.45745061  2.46624167  2.53207054  2.42007915
  2.39995578  2.36325651  2.31579603  2.2937677   2.2486672   2.2349024
  2.30995104  2.2546314   2.27108025  2.23038938  2.78889984  2.68287817
  2.49305745  2.41229458  2.36996712  2.41521115  2.40446494  2.26410528
  2.32806145  2.3687109 ]
Validation loss:
[ 2.75064039  2.69291639  2.6182723   2.60750365  2.58054233  2.56265974
  2.54158163  2.56244707  2.48475385  2.44939137  2.43828201  2.47371721
  2.41816449  2.44823027  2.42313218  2.4283824   2.44628692  2.46996307
  2.49495363  2.48271465  2.43953538  2.49699569  2.47084403  3.16699433
  2.89678311  2.71160269  2.6894269   2.70199919  2.68294358  2.66267276
  2.67754149  2.63932753  2.64290595  2.60645533  2.640136    2.62129116
  2.65388012  2.65139699  2.63327408  2.65061617  3.05839992  2.54122829
  2.52088404  2.48523569  2.44543767  2.4422574   2.38510442  2.4361918
  2.39451432  2.4315362 ]
Test Loss: (0.35999999999999999, 0.70999999999999996)