Training took: 11361.0948799 seconds

Training loss:
[ 2.15492651  1.73352296  1.64647704  1.57763108  1.51245002  1.47537883
  1.44888469  1.56173027  1.57951474  1.48896843  1.50259563  1.4153837
  1.47398813  1.45561962  1.49210604  1.46722022  1.46657342  1.4384483
  1.50831889  1.46666149  1.43363597  1.45933453  1.41114616  1.36819617
  1.64635011  1.5307674   1.46506887  1.43797221  1.47846966  1.43946582
  1.39680425  1.43489995  1.43291854  1.38796315  1.331874    1.39079028
  1.44000744  1.33616827  1.35936809  1.30045404  1.36852541  1.81283743
  1.72098514  1.6806608   1.67598518  1.71487542  1.70289406  1.57595889
  1.62818521  1.67152357]
Validation loss:
[ 2.2504971   2.23831081  2.08952928  2.08881903  2.05014324  2.07252216
  2.03160667  2.01613498  1.97659278  1.95978773  1.94020808  2.0110352
  1.91529143  1.96793878  1.89354062  1.9540385   1.9547075   1.98150325
  1.97333252  1.94134796  1.93267322  1.97577119  1.96172523  2.28331995
  2.26973414  2.20075703  2.21722221  2.22598696  2.20148182  2.22184324
  2.27935672  2.27163005  2.30660605  2.29881954  2.37604403  2.33513284
  2.35248375  2.37743139  2.39992166  2.3925066   2.79304242  1.96397161
  1.93774462  1.94499826  1.85382283  1.8580327   1.7643044   1.77934992
  1.84363532  1.73613811]
Test Loss: (0.5, 0.81000000000000005)