Training took: 6246.76607704 seconds

Training loss:
[ 3.35256198  3.26162747  3.27912005  3.30255209  3.28067357  3.32332709
  3.3030922   3.76975648  3.73958753  3.71658988  3.66732897  3.0627233
  2.78866563  2.69634081  2.68236487  2.62083651  2.53213075  2.49805958
  2.47110406  2.45579384  2.43735414  2.37377354  2.40107167  2.29497283
  2.37560927  2.3272596   2.29699734  2.25271475  2.33245834  2.24698816
  2.20989813  2.21281312  2.21026307  2.14469987  2.13943648  2.16169006
  2.24496175  2.17033545  2.22438418  2.1943389   2.24569637  2.64307988
  2.42994832  2.38730895  2.36277881  2.38865491  2.4068222   2.2755151
  2.35220955  2.4261114   2.37936252  2.29301041  2.29417456  2.30283495
  2.26346127  2.27233142  2.2473805   2.78037746  2.71045478  2.6621652
  2.64376834  2.57523274  2.65365037  2.69870763  2.67292553  2.64157165
  2.67400843  2.66757095  2.71502745  2.71126663  2.67245217  2.67120913
  2.64250138  2.66561803  2.54988141  2.42924379  2.45681485  2.3065974
  2.37216964  2.35353691  2.33756285  2.36563961  2.38255779  2.31327465
  2.33894101  2.34431455  2.40601351  2.34789568  2.40398849  2.34950991
  3.31744697  3.01002622  2.78148702  2.68176233  2.67146769  2.76463046
  2.77224491  2.58762703  2.65901882  2.7610822 ]
Validation loss:
[ 3.42626929  3.42042851  3.48731089  3.46463799  3.45513797  3.48662853
  3.47524881  3.71712852  3.66745687  3.71246719  3.76356578  3.15800548
  2.70201397  2.73353887  2.60046387  2.64309859  2.5956943   2.64284825
  2.56718659  2.59343743  2.51816773  2.45775914  2.50014091  3.18848848
  3.04269767  2.79398155  2.7098093   2.63948798  2.65278006  2.69891047
  2.68998742  2.63259363  2.61660194  2.62746906  2.6187923   2.6635685
  2.71868777  2.71356773  2.75952816  2.76911616  3.25028586  2.5087595
  2.45663691  2.48502421  2.45235038  2.4411397   2.43636131  2.36754084
  2.42577815  2.60752273  2.52633262  2.53585601  2.53559589  2.52234149
  2.5443778   2.53088808  2.58350682  2.67701197  2.67134786  2.64036703
  2.62492013  2.7077086   2.65042567  2.63995481  2.67303872  2.71590495
  2.67832971  2.6788578   2.67255211  2.66874862  2.75409412  2.75683713
  2.72854733  3.18711734  3.06532502  2.7661345   2.70053482  2.65029025
  2.70722723  2.67867351  2.70243645  2.71127009  2.75132179  2.76166129
  2.71633124  2.89625502  2.71197152  2.74700093  2.72368622  2.75904298
  3.24055481  2.66470814  2.74087286  2.74038696  2.67203903  2.70809817
  2.67305899  2.64554501  2.70926619  2.7609973 ]

Test Loss: (0.37, 0.71999999999999997)