Training took: 14152.46595 seconds

Training loss:
[ 2.41611119  1.83971397  1.69985982  1.61136612  1.52534035  1.47941825
  1.44124329  1.59569523  1.58837894  1.47841963  1.47768913  1.38007706
  1.42880739  1.40144884  1.43526733  1.40433527  1.40019413  1.36699935
  1.43767812  1.38997944  1.35170021  1.36869379  1.32739112  1.26435068
  1.51891366  1.45204464  1.37757523  1.35063469  1.37149396  1.33699889
  1.28688604  1.31627851  1.31483759  1.26630797  1.20431782  1.258075
  1.2833869   1.19938139  1.20224613  1.15582265  1.22508694  1.69910387
  1.57806995  1.53083843  1.51532561  1.53475744  1.52315422  1.41645244
  1.43075591  1.47479237]
Validation loss:
[ 2.36213231  2.31637955  2.1512754   2.14209747  2.10572934  2.11793327
  2.05895567  1.99452794  1.97660744  1.91320956  1.89135981  1.95607579
  1.8832866   1.94659686  1.87558579  1.89924419  1.88579905  1.92339921
  1.87338948  1.85247004  1.88242805  1.91540265  1.8720001   2.32344699
  2.12168932  2.13033152  2.15200996  2.15122843  2.13460398  2.19537878
  2.24065948  2.20028472  2.2350347   2.26684999  2.27248478  2.24224997
  2.28889513  2.30496597  2.3642168   2.26093149  2.6997807   1.80451798
  1.76317763  1.74211872  1.67375922  1.62869573  1.54987597  1.55729651
  1.59350097  1.57680631]
Test Loss: (0.53000000000000003, 0.83999999999999997)