Training took: 6432.07615185 seconds

Training loss:
[ 2.45183892  1.9538021   1.83304635  1.74763338  1.65516302  1.59608873
  1.54393318  1.70286637  1.67276708  1.55554036  1.53881527  1.43419747
  1.47924258  1.4372191   1.46976913  1.42999784  1.4224485   1.37774188
  1.45084926  1.39829098  1.36035394  1.36964418  1.31801449  1.25761517
  1.52368682  1.46014968  1.37755893  1.34117582  1.3625951   1.32900581
  1.27875042  1.30742356  1.30181828  1.25596477  1.18591645  1.24109994
  1.26734794  1.18363887  1.18774476  1.1352898   1.24876095  1.72542352
  1.57560602  1.51156366  1.49706885  1.51805162  1.50013519  1.39803323
  1.41449622  1.46434294]
Validation loss:
[ 2.38560605  2.30416107  2.18483067  2.17283487  2.12152553  2.09658957
  2.08301163  2.02612543  2.01516223  1.94642103  1.91600823  1.97499895
  1.90954983  1.91951931  1.88215208  1.90436268  1.88296175  1.92748213
  1.89755809  1.88242543  1.86594748  1.88949656  1.86570859  2.26768398
  2.06822681  2.06452823  2.10822701  2.10535693  2.1022613   2.12865782
  2.17654943  2.17477655  2.18938589  2.2100668   2.24488688  2.17826819
  2.24799037  2.26262426  2.27684283  2.24819112  2.67473555  1.78708172
  1.75838745  1.73713136  1.65493405  1.61152947  1.53865731  1.5460155
  1.58229756  1.47176182]

Test Loss: (0.55000000000000004, 0.83999999999999997)