Training took: 2937.2939651 seconds

Training loss:
[ 3.20402909  2.62564907  2.452368    2.34800358  2.29402569  2.23629854
  2.1908191   2.33405161  2.36776509  2.26780988  2.25191427  2.18097638
  2.2150452   2.2066267   2.20675258  2.17730686  2.19025832  2.17413361
  2.20997669  2.20108066  2.17877276  2.17616963  2.16411936  2.0966796
  2.47979989  2.22412286  2.21539026  2.25232181  2.28374111  2.20446752
  2.26775162  2.22758398  2.20763357  2.16126918  2.19860624  2.20925823
  2.24045205  2.11310196  2.13986388  2.07520248  2.08834625  2.54245199
  2.32507694  2.255286    2.21444599  2.2426409   2.24573151  2.13002082
  2.17167546  2.20567616  2.18345708  2.1111331   2.13569396  2.25939776
  2.38484753  2.37923525  2.34545263  2.55652483  2.43552837  2.34229961
  2.32454904  2.28139268  2.35364892  2.38253579  2.36060255  2.35449518
  2.38410381  2.3989106   2.41724377  2.42639974  2.36117727  2.38389402
  2.38617521  2.50926744  3.36790705  2.38476332  2.25578473  2.48731648
  2.46032051  2.38788129  2.41332855  2.51769791  2.52482862  2.49028961
  2.44072994  2.41956897  2.45257849  2.39522913  2.4454584   2.48425456
  3.33282781  2.86504204  2.41656831  2.3533364   2.32652444  2.37670736
  2.39200212  2.25704781  2.31178645  2.37398209]
Validation loss:
[ 2.77855921  2.73939967  2.66413999  2.62872076  2.56871819  2.5376637
  2.51893044  2.53781199  2.44074297  2.40616798  2.38552022  2.42293525
  2.36820745  2.38973212  2.37233877  2.3769424   2.37024832  2.42895961
  2.41638136  2.4104929   2.37895679  2.43347406  2.42495513  3.04934192
  2.74825025  2.59601212  2.56688428  2.5985043   2.58920503  2.59983516
  2.66453171  2.58551049  2.62340379  2.64984918  2.63626623  2.68479514
  2.66437793  2.64738607  2.64328861  2.67295241  3.06277037  2.44230032
  2.36199999  2.35644221  2.29890537  2.28859591  2.24629211  2.24103951
  2.28842282  2.3735888   2.33519936  2.37012863  2.36252761  2.60081458
  2.57667041  2.55809927  2.59230423  2.47778392  2.41676974  2.34094787
  2.32470989  2.44890618  2.42372036  2.39441538  2.37511539  2.47900128
  2.45909429  2.43660092  2.46629524  2.42975211  2.44670439  2.50462317
  2.49144411  2.73425603  2.9793396   2.60780191  2.82051373  2.73847651
  2.7083807   2.71084452  2.77028704  2.79946733  2.82487369  2.79825878
  2.75268126  2.78247333  2.72761512  2.74957895  2.77216363  2.8059144
  3.22582603  2.46142769  2.44217396  2.49741912  2.43977237  2.41162491
  2.39812994  2.36028457  2.42219377  2.43063927]

Test Loss: (0.39000000000000001, 0.72999999999999998)