Training took: 20891.985899 seconds

Training loss:
[ 2.65348963  2.04519173  1.90615841  1.84155872  1.76389913  1.73038224
  1.68713018  1.85448694  1.8881899   1.75559405  1.74236117  1.64422792
  1.68794922  1.64998819  1.66999927  1.63649173  1.63332373  1.58879146
  1.6537167   1.61437823  1.58639274  1.5795526   1.53974628  1.48403268
  1.7707689   1.70038572  1.63365413  1.59065114  1.60933064  1.57403727
  1.51925114  1.53835488  1.5435934   1.57744284  1.46524013  1.48773621
  1.51605339  1.44431721  1.4536588   1.4174561   1.47466274  2.04899336
  1.92974592  1.78250659  1.75414734  1.79919735  1.77442191  1.64474362
  1.66582642  1.71424617]
Validation loss:
[ 2.59940648  2.51894236  2.39229202  2.37407184  2.29644775  2.33627462
  2.30730748  2.15235424  2.08898377  2.08640456  2.05452347  2.14847207
  2.01665282  2.06726694  2.01357746  2.05709529  2.03713703  2.06010103
  2.0426147   2.05238342  2.03800058  2.05258441  2.05976868  2.55115342
  2.38810682  2.25153136  2.27407861  2.2439146   2.20076084  2.27054095
  2.28846264  2.32995963  2.32183671  2.44711423  2.34219551  2.30660009
  2.39184737  2.36384797  2.59929132  2.32491994  2.85583115  2.05980158
  1.95078194  1.90607357  1.84198892  1.81336343  1.74175239  1.73361135
  1.75919294  1.87754345]

Test Loss: (0.51000000000000001, 0.81999999999999995)