Training took: 4504.53935504 seconds

Training loss:
[ 3.35831053  3.27778773  3.28446504  3.28699051  3.265219    3.27373738
  3.26176554  3.73176023  3.61223447  3.6082096   3.58564825  3.56649469
  3.57967566  3.61562595  3.59116099  3.6050937   3.60929577  3.65075907
  3.62860388  3.67752116  3.62550864  3.63133899  3.63815902  3.64308312
  3.89329085  3.32909611  3.3361742   3.31783093  3.37032764  3.3201943
  3.35687877  3.35394645  3.37334087  3.29367387  3.35071456  3.35845826
  3.40781677  3.35563198  3.38846989  3.37225059  3.94181868  3.72087191
  3.60159652  3.5364613   3.53343437  3.63975301  3.60206747  3.46981873
  3.51820056  3.6033532 ]
Validation loss:
[ 3.42499471  3.42624784  3.45144033  3.42085981  3.41157627  3.45062566
  3.45615697  3.56747317  3.51228762  3.5796628   3.53119087  3.55716395
  3.51276016  3.55919647  3.53612328  3.55213547  3.54745317  3.54290032
  3.59088087  3.59050775  3.55589962  3.53506446  3.56798673  4.69363928
  3.82008147  3.55400038  3.55507159  3.48353863  3.54261899  3.59723496
  3.5623045   3.48091221  3.56206441  3.55857229  3.58852434  3.61290932
  3.55098581  3.56207752  3.53403091  3.56749868  3.77505064  3.60741401
  3.56612992  3.60612726  3.62288952  3.57085276  3.55860257  3.58376408
  3.55583835  3.67119336]
Test Loss: (0.16, 0.41999999999999998)