Training took: 5301.70704389 seconds

Training loss:
[ 2.28572951  1.86456584  1.76919896  1.69550324  1.61283434  1.56299333
  1.5217038   1.69133499  1.66724532  1.55694239  1.54983489  1.45546327
  1.50432845  1.47040679  1.50099599  1.46861819  1.466869    1.43268209
  1.50331528  1.45425576  1.41453819  1.42561759  1.37764711  1.34331875
  1.641663    1.50809135  1.42436697  1.39064717  1.42020158  1.38205384
  1.33927889  1.37004856  1.36431795  1.31243975  1.24830537  1.2977008
  1.33465166  1.24591697  1.25094077  1.19291165  1.35187439  1.84574729
  1.65139035  1.59241071  1.56933023  1.61309882  1.58912727  1.46370742
  1.50289346  1.54922731]
Validation loss:
[ 2.34196734  2.2929101   2.16542459  2.15005541  2.11644268  2.10422873
  2.08975458  2.05451345  2.03053403  1.99371934  1.96841884  2.02748609
  1.94734669  1.97579825  1.93832946  1.97733092  1.93720269  1.99309242
  1.95959592  1.92784429  1.92474222  1.94624865  1.92429161  2.17455769
  2.16138005  2.16607261  2.1722486   2.20302749  2.18064427  2.20782351
  2.25583506  2.2609868   2.26501322  2.28265882  2.31023622  2.31066847
  2.32086778  2.35251427  2.3422215   2.35170889  2.66228724  1.90427339
  1.84670424  1.8411181   1.76664746  1.74027538  1.65367234  1.67019999
  1.71571267  1.59636867]
Test Loss: (0.53000000000000003, 0.83999999999999997)