Training took: 34306.902344 seconds

Training loss:
[ 2.20232229  1.74401974  1.67468956  1.61685596  1.5632441   1.5297526
  1.51794372  1.62899538  1.67406124  1.59039886  1.61631305  1.52786723
  1.60401589  1.59194143  1.62658911  1.61523409  1.62408845  1.60516247
  1.6851991   1.64748878  1.63205612  1.6549701   1.613519    1.55560323
  1.85621618  1.75605712  1.69247838  1.66803309  1.72487963  1.68434705
  1.64930367  1.68426088  1.67514636  2.47432891  3.31700042  3.28661964
  3.17145815  2.69868463  2.6523529   2.27983658  3.23098994  3.25619589
  2.54303143  2.32396738  2.21820715  2.31500609  2.87470665  2.94699083
  2.4549578   2.32814117  2.1796606   2.09598657  2.11978421  2.17619554
  2.36373724  3.23978577  3.16511383  3.52868204  3.53053389  3.56683258
  3.29040916  2.98472237  2.92428182  2.91196266  2.84506841  2.7977815
  2.78368185  2.76720161  2.77931071  2.76344696  2.71046927  2.69902348
  2.66439859  2.83165283  3.93776833  2.58618306  2.40167057  2.35700155
  2.43430971  2.34540049  2.34782956  2.35428938  2.35487588  2.27873555
  2.28060955  2.29443501  2.33744936  2.25838058  2.29236984  2.23180422
  3.19436988  2.93495513  2.69385726  2.58249144  2.5469742   2.67759915
  2.65451374  2.45374225  2.49425408  2.60310533]
Validation loss:
[ 2.27992249  2.23450685  2.13911963  2.13691401  2.09859848  2.12337732
  2.09892178  2.08647728  2.06220055  2.04533958  2.01492786  2.09013009
  1.99788034  2.03792095  1.99116826  2.0617106   2.06066227  2.10215497
  2.10395527  2.07097936  2.05810523  2.11136985  2.09461713  2.50380015
  2.43631387  2.3619144   2.35120511  2.37743115  2.3385756   2.36500168
  2.4484446   2.4262383   2.45451403  3.55639648  3.54458714  3.55000544
  3.19521499  3.04696965  2.82979727  2.73835588  3.1912334   2.63545203
  2.40088534  2.59435344  2.34206414  2.38370037  2.88751078  2.69174933
  2.6776917   2.31345129  2.34216118  2.38573909  2.41420603  2.43193507
  3.26274562  3.3588357   3.28667402  3.09604549  3.52048826  3.43359709
  2.98242784  2.91334534  2.84500003  2.7832942   2.7300055   2.76098156
  2.76026344  2.74163437  2.71764255  2.67848778  2.68141294  2.71605492
  2.68743396  3.01955175  3.12413645  2.7653656   2.72676492  2.73928833
  2.73373318  2.73169661  2.72892046  2.71318483  2.70088482  2.73512721
  2.73235416  2.7284255   2.69277167  2.71041965  2.71286631  2.7244904
  3.08971119  2.64242816  2.63455009  2.59908772  2.55980372  2.57705379
  2.55210996  2.5343349   2.57985902  2.55703211]

Test Loss: (0.48999999999999999, 0.81000000000000005)