Training took: 10666.1691391 seconds

Training loss:
[ 2.28444418  1.86331688  1.76920731  1.69410988  1.61496504  1.56230547
  1.52273511  1.68482567  1.66546355  1.55724793  1.54797594  1.45619082
  1.50202637  1.47057333  1.50215202  1.46947415  1.46550948  1.43727247
  1.5094275   1.46084615  1.41816156  1.42649079  1.37971286  1.33210193
  1.6722898   1.51525769  1.42504396  1.39241139  1.42168472  1.3840339
  1.3319065   1.37080225  1.37177456  1.31333321  1.24605326  1.30330948
  1.33465248  1.24004517  1.2533801   1.1889137   1.3476539   1.79435871
  1.60247513  1.55026486  1.53669972  1.55429381  1.54215847  1.4336021
  1.44988632  1.50792416  1.55140727  1.45062828  1.49154086  1.47337706
  1.4272879   1.43737347  1.3982691   1.75586685  1.59006733  1.4874559
  1.4903112   1.41589914  1.45706678  1.44178431  1.47728173  1.43951965
  1.4411095   1.42414298  1.49251591  1.44367508  1.40750492  1.42004255
  1.36948979  1.40913967  1.72802865  1.51072086  1.42189168  1.38968059
  1.42987032  1.39487337  1.35243313  1.38661811  1.37983905  1.32977458
  1.2662559   1.32147997  1.35121973  1.26844339  1.27513269  1.20518907
  1.41724669  1.88515901  1.64234007  1.56688204  1.5464976   1.56709594
  1.55876128  1.44445163  1.47205739  1.5246008 ]
Validation loss:
[ 2.32208085  2.27481294  2.15096569  2.12807655  2.08814907  2.08757687
  2.08052063  2.03168726  2.00350904  1.99233186  1.96183193  2.00358534
  1.93208885  1.95630896  1.91659892  1.9511584   1.93974721  1.97253764
  1.95705867  1.92399716  1.93035018  1.93740499  1.9159379   2.17274237
  2.15518498  2.12373471  2.16913033  2.19105864  2.17044234  2.19130087
  2.23583341  2.25100899  2.26064944  2.26008296  2.27986574  2.28088498
  2.28014946  2.2869544   2.29480124  2.31980562  2.68127108  1.84442925
  1.81315923  1.82097208  1.71794844  1.68271697  1.60788929  1.62758863
  1.65737689  1.55567753  1.64754701  1.72637022  1.76324296  1.79933083
  1.82032979  1.85666978  1.8603164   1.82208192  1.836712    1.81896377
  1.7987963   1.87941146  1.8213526   1.83874631  1.81777668  1.84986579
  1.85964334  1.88804185  1.87252915  1.83683836  1.83709693  1.8823036
  1.84730232  2.08762884  2.20841312  2.11277843  2.14433193  2.15321803
  2.14046049  2.19604087  2.22946954  2.2348597   2.24327993  2.22010779
  2.2491045   2.23029137  2.26451516  2.2754488   2.26770592  2.31612968
  2.69999337  1.88783228  1.78590846  1.8023684   1.70715332  1.68862021
  1.60790265  1.62793875  1.6733619   1.56355238]
Test Loss: (0.53000000000000003, 0.82999999999999996)