Training took: 2983.17371583 seconds

Training loss:
[ 3.35718446  3.27619365  3.28604699  3.29937574  3.28539659  3.30969429
  3.29445349  3.74528174  3.61080484  3.60716134  3.58604524  3.56931006
  3.58885385  3.63072747  3.60280766  3.56705216  3.42677338  3.48828547
  3.49545222  3.53666846  3.50980121  3.51231718  3.38303207  2.9378117
  2.8700424   2.5964116   2.55686506  2.48256096  2.61064731  2.45571076
  2.45747274  2.45142168  2.44370036  2.38861882  2.35359453  2.34977944
  2.40754643  2.31366304  2.33932066  2.27407313  2.21104863  2.68503426
  2.54750325  2.45503197  2.43791364  2.45341766  2.47355307  2.3434907
  2.40550804  2.46543192]
Validation loss:
[ 3.44426918  3.42219734  3.48957705  3.45211077  3.4461925   3.47870445
  3.4704318   3.56821084  3.51437593  3.56878734  3.53414989  3.566962
  3.52056789  3.57345915  3.54815888  3.41973042  3.45100164  3.44622374
  3.5160892   3.52128601  3.4800756   3.35133243  3.10872006  3.89034438
  3.1976397   2.91013575  2.96522808  2.77458882  2.67653179  2.80525804
  2.92936492  2.7491529   2.77327037  2.7824707   2.8278873   2.81194925
  2.77321672  2.78625584  2.76489449  2.75627089  3.27035379  2.6414609
  2.57468009  2.52839279  2.50618625  2.52541685  2.46837234  2.44404507
  2.44583178  2.62093377]
Test Loss: (0.34000000000000002, 0.68999999999999995)